0 000
1 001
2 002
3 003
4 004
5 005
6 006
7 007
8 008
9 009
10 00a
11 00b
12 00c
13 00d
14 00e
15 00f
16 010
17 011
18 012
19 013
20 014
21 015
22 016
23 017
24 018
25 019
26 01a
27 01b
28 01c
29 01d
30 01e
31 01f
32 020
33 021
34 022
35 023
36 024
37 025
38 026
39 027
40 028
41 029
42 02a
43 02b
44 02c
45 02d
46 02e
47 02f
48 030
49 031
50 032
51 033
52 034
53 035
54 036
55 037
56 038
57 039
58 03a
59 03b
60 03c
61 03d
62 03e
63 03f
64 040
65 041
66 042
67 043
68 044
69 045
70 046
71 047
72 048
73 049
74 04a
75 04b
76 04c
77 04d
78 04e
79 04f
80 050
81 051
82 052
83 053
84 054
85 055
86 056
87 057
88 058
89 059
90 05a
91 05b
92 05c
93 05d
94 05e
95 05f
96 060
97 061
98 062
99 063
100 064
101 065
102 066
103 067
104 068
105 069
106 06a
107 06b
108 06c
109 06d
110 06e
111 06f
112 070
113 071
114 072
115 073
116 074
117 075
118 076
119 077
120 078
121 079
122 07a
123 07b
124 07c
125 07d
126 07e
127 07f
128 080
129 081
130 082
131 083
132 084
133 085
134 086
135 087
136 088
137 089
138 08a
139 08b
140 08c
141 08d
142 08e
143 08f
144 090
145 091
146 092
147 093
148 094
149 095
150 096
151 097
152 098
153 099
154 09a
155 09b
156 09c
157 09d
158 09e
159 09f
160 0a0
161 0a1
162 0a2
163 0a3
164 0a4
165 0a5
166 0a6
167 0a7
168 0a8
169 0a9
170 0aa
171 0ab
172 0ac
173 0ad
174 0ae
175 0af
176 0b0
177 0b1
178 0b2
179 0b3
180 0b4
181 0b5
182 0b6
183 0b7
184 0b8
185 0b9
186 0ba
187 0bb
188 0bc
189 0bd
190 0be
191 0bf
192 0c0
193 0c1
194 0c2
195 0c3
196 0c4
197 0c5
198 0c6
199 0c7
200 0c8
201 0c9
202 0ca
203 0cb
204 0cc
205 0cd
206 0ce
207 0cf
208 0d0
209 0d1
210 0d2
211 0d3
212 0d4
213 0d5
214 0d6
215 0d7
216 0d8
217 0d9
218 0da
219 0db
220 0dc
221 0dd
222 0de
223 0df
224 0e0
225 0e1
226 0e2
227 0e3
228 0e4
229 0e5
230 0e6
231 0e7
232 0e8
233 0e9
234 0ea
235 0eb
236 0ec
237 0ed
238 0ee
239 0ef
240 0f0
241 0f1
242 0f2
243 0f3
244 0f4
245 0f5
246 0f6
247 0f7
248 0f8
249 0f9
250 0fa
251 0fb
252 0fc
253 0fd
254 0fe
255 0ff
256 100
257 101
258 102
259 103
260 104
261 105
262 106
263 107
264 108
265 109
266 10a
267 10b
268 10c
269 10d
270 10e
271 10f
272 110
273 111
274 112
275 113
276 114
277 115
278 116
279 117
280 118
281 119
282 11a
283 11b
284 11c
285 11d
286 11e
287 11f
288 120
289 121
290 122
291 123
292 124
293 125
294 126
295 127
296 128
297 129
298 12a
299 12b
300 12c
301 12d
302 12e
303 12f
304 130
305 131
306 132
307 133
308 134
309 135
310 136
311 137
312 138
313 139
314 13a
315 13b
316 13c
317 13d
318 13e
319 13f
320 140
321 141
322 142
323 143
324 144
325 145
326 146
327 147
328 148
329 149
330 14a
331 14b
332 14c
333 14d
334 14e
335 14f
336 150
337 151
338 152
339 153
340 154
341 155
342 156
343 157
344 158
345 159
346 15a
347 15b
348 15c
349 15d
350 15e
351 15f
352 160
353 161
354 162
355 163
356 164
357 165
358 166
359 167
360 168
361 169
362 16a
363 16b
364 16c
365 16d
366 16e
367 16f
368 170
369 171
370 172
371 173
372 174
373 175
374 176
375 177
376 178
377 179
378 17a
379 17b
380 17c
381 17d
382 17e
383 17f
384 180
385 181
386 182
387 183
388 184
389 185
390 186
391 187
392 188
393 189
394 18a
395 18b
396 18c
397 18d
398 18e
399 18f
400 190
401 191
402 192
403 193
404 194
405 195
406 196
407 197
408 198
409 199
410 19a
411 19b
412 19c
413 19d
414 19e
415 19f
416 1a0
417 1a1
418 1a2
419 1a3
420 1a4
421 1a5
422 1a6
423 1a7
424 1a8
425 1a9
426 1aa
427 1ab
428 1ac
429 1ad
430 1ae
431 1af
432 1b0
433 1b1
434 1b2
435 1b3
436 1b4
437 1b5
438 1b6
439 1b7
440 1b8
441 1b9
442 1ba
443 1bb
444 1bc
445 1bd
446 1be
447 1bf
448 1c0
449 1c1
450 1c2
451 1c3
452 1c4
453 1c5
454 1c6
455 1c7
456 1c8
457 1c9
458 1ca
459 1cb
460 1cc
461 1cd
462 1ce
463 1cf
464 1d0
465 1d1
466 1d2
467 1d3
468 1d4
469 1d5
470 1d6
471 1d7
472 1d8
473 1d9
474 1da
475 1db
476 1dc
477 1dd
478 1de
479 1df
480 1e0
481 1e1
482 1e2
483 1e3
484 1e4
485 1e5
486 1e6
487 1e7
488 1e8
489 1e9
490 1ea
491 1eb
492 1ec
493 1ed
494 1ee
495 1ef
496 1f0
497 1f1
498 1f2
499 1f3
500 1f4
501 1f5
502 1f6
503 1f7
504 1f8
505 1f9
506 1fa
507 1fb
508 1fc
509 1fd
510 1fe
511 1ff
512 200
513 201
514 202
515 203
516 204
517 205
518 206
519 207
520 208
521 209
522 20a
523 20b
524 20c
525 20d
526 20e
527 20f
528 210
529 211
530 212
531 213
532 214
533 215
534 216
535 217
536 218
537 219
538 21a
539 21b
540 21c
541 21d
542 21e
543 21f
544 220
545 221
546 222
547 223
548 224
549 225
550 226
551 227
552 228
553 229
554 22a
555 22b
556 22c
557 22d
558 22e
559 22f
560 230
561 231
562 232
563 233
564 234
565 235
566 236
567 237
568 238
569 239
570 23a
571 23b
572 23c
573 23d
574 23e
575 23f
576 240
577 241
578 242
579 243
580 244
581 245
582 246
583 247
584 248
585 249
586 24a
587 24b
588 24c
589 24d
590 24e
591 24f
592 250
593 251
594 252
595 253
596 254
597 255
598 256
599 257
600 258
601 259
602 25a
603 25b
604 25c
605 25d
606 25e
607 25f
608 260
609 261
610 262
611 263
612 264
613 265
614 266
615 267
616 268
617 269
618 26a
619 26b
620 26c
621 26d
622 26e
623 26f
624 270
625 271
626 272
627 273
628 274
629 275
630 276
631 277
632 278
633 279
634 27a
635 27b
636 27c
637 27d
638 27e
639 27f
640 280
641 281
642 282
643 283
644 284
645 285
646 286
647 287
648 288
649 289
650 28a
651 28b
652 28c
653 28d
654 28e
655 28f
656 290
657 291
658 292
659 293
660 294
661 295
662 296
663 297
664 298
665 299
666 29a
667 29b
668 29c
669 29d
670 29e
671 29f
672 2a0
673 2a1
674 2a2
675 2a3
676 2a4
677 2a5
678 2a6
679 2a7
680 2a8
681 2a9
682 2aa
683 2ab
684 2ac
685 2ad
686 2ae
687 2af
688 2b0
689 2b1
690 2b2
691 2b3
692 2b4
693 2b5
694 2b6
695 2b7
696 2b8
697 2b9
698 2ba
699 2bb
700 2bc
701 2bd
702 2be
703 2bf
704 2c0
705 2c1
706 2c2
707 2c3
708 2c4
709 2c5
710 2c6
711 2c7
712 2c8
713 2c9
714 2ca
715 2cb
716 2cc
717 2cd
718 2ce
719 2cf
720 2d0
721 2d1
722 2d2
723 2d3
724 2d4
725 2d5
726 2d6
727 2d7
728 2d8
729 2d9
730 2da
731 2db
732 2dc
733 2dd
734 2de
735 2df
736 2e0
737 2e1
738 2e2
739 2e3
740 2e4
741 2e5
742 2e6
743 2e7
744 2e8
745 2e9
746 2ea
747 2eb
748 2ec
749 2ed
750 2ee
751 2ef
752 2f0
753 2f1
754 2f2
755 2f3
756 2f4
757 2f5
758 2f6
759 2f7
760 2f8
761 2f9
762 2fa
763 2fb
764 2fc
765 2fd
766 2fe
767 2ff
768 300
769 301
770 302
771 303
772 304
773 305
774 306
775 307
776 308
777 309
778 30a
779 30b
780 30c
781 30d
782 30e
783 30f
784 310
785 311
786 312
787 313
788 314
789 315
790 316
791 317
792 318
793 319
794 31a
795 31b
796 31c
797 31d
798 31e
799 31f
800 320
801 321
802 322
803 323
804 324
805 325
806 326
807 327
808 328
809 329
810 32a
811 32b
812 32c
813 32d
814 32e
815 32f
816 330
817 331
818 332
819 333
820 334
821 335
822 336
823 337
824 338
825 339
826 33a
827 33b
828 33c
829 33d
830 33e
831 33f
832 340
833 341
834 342
835 343
836 344
837 345
838 346
839 347
840 348
841 349
842 34a
843 34b
844 34c
845 34d
846 34e
847 34f
848 350
849 351
850 352
851 353
852 354
853 355
854 356
855 357
856 358
857 359
858 35a
859 35b
860 35c
861 35d
862 35e
